('total_service_delay', 'net_speed', 'cpu_usage', 'memory_usage')
(0.0019954442977905273, 347424471.9472584, 10.3, 50.3)
(0.5871707201004028, 132266.79280610988, 22.4, 50.4)
(0.5994150638580322, 132169.10684391926, 27.1, 50.4)
(0.578639030456543, 128468.75137592726, 28.3, 50.5)
(0.5872347354888916, 64165.28170192423, 28.1, 50.4)
(1.9337702989578247, 128315.2275334608, 16.5, 50.4)
(0.5849357843399048, 64157.6137667304, 27.7, 50.5)
(0.5995653867721558, 128284.56678614097, 29.3, 50.5)
(0.5732955932617188, 125232.30977373455, 26.7, 50.5)
(0.5806498527526855, 65098.93440038802, 27.8, 50.5)
(0.5740925073623657, 128345.90294047334, 28.1, 50.5)
(0.5805037021636963, 64188.296508847445, 28.7, 50.5)
(0.5979418754577637, 128284.56678614097, 27.6, 50.5)
(0.5759875774383545, 128407.29777565176, 28.6, 50.5)
(0.562464714050293, 64142.28339307049, 27.9, 50.5)
(0.587928295135498, 128315.2275334608, 26.9, 50.5)
(0.6032273769378662, 64172.95147023667, 27.8, 50.5)
(0.5664651393890381, 128284.56678614097, 28.4, 50.5)
(0.58391273021698, 64126.96034400382, 27.9, 50.5)
(0.5846620798110962, 128315.2275334608, 28.5, 50.5)
(0.5949838161468506, 128192.67239732569, 29.8, 50.6)
(0.5732067823410034, 128192.67239732569, 27.6, 50.5)
(0.5785174369812012, 128315.2275334608, 28.8, 50.5)
(0.5970360040664673, 128192.67239732569, 28.0, 50.5)
(0.5813078880310059, 64126.96034400382, 27.1, 50.5)
(0.5758867263793945, 64149.947663998086, 27.7, 50.5)
(0.5854204893112183, 65051.60693081304, 27.5, 50.5)
(0.5606086254119873, 128315.2275334608, 28.1, 50.5)
(0.5921882390975952, 128284.56678614097, 28.1, 50.5)
(0.5737484693527222, 64111.644614282304, 29.1, 50.5)
(0.5827776193618774, 128253.92068800764, 27.9, 50.5)
(0.5998902320861816, 128253.92068800764, 26.5, 50.5)
(0.5649746656417847, 132234.2147783251, 27.7, 50.5)
(0.5921039581298828, 128253.92068800764, 28.2, 50.6)
(0.5760585069656372, 64157.6137667304, 27.4, 50.5)
(0.6013286113739014, 128284.56678614097, 26.5, 50.5)
(0.5686688423156738, 132104.06299212598, 28.3, 50.5)
(0.5836697816848755, 132331.99704214936, 28.3, 50.5)
(0.5788964033126831, 128192.67239732569, 28.7, 50.5)
(0.5950961112976074, 128345.90294047334, 27.4, 50.5)
(0.577484130859375, 64142.28339307049, 28.5, 50.5)
(0.5828037261962891, 64180.623072325165, 28.1, 50.5)
(0.5845965147018433, 128345.90294047334, 27.4, 50.5)
(0.5926547050476074, 128376.59301769489, 28.4, 50.5)
(0.5851665735244751, 128345.90294047334, 26.6, 50.5)
(0.5705949068069458, 64165.28170192423, 27.9, 50.5)
(0.5644611120223999, 64165.28170192423, 28.1, 50.5)
(0.5764909982681274, 64157.6137667304, 28.5, 50.5)
(0.5810713768005371, 128009.27801621363, 27.2, 50.5)
(0.5888545513153076, 128162.07018381475, 29.0, 50.5)
(0.5763229131698608, 64126.96034400382, 28.9, 50.5)
(0.5874897241592407, 64165.28170192423, 27.1, 50.5)
(0.5784478187561035, 238185.85270629992, 26.8, 50.5)
(0.5708755254745483, 128253.92068800764, 29.1, 50.6)
(0.5734579563140869, 131876.91279783836, 27.6, 50.5)
(0.5748355388641357, 128315.2275334608, 28.3, 50.5)
(0.5786522626876831, 128345.90294047334, 28.1, 50.5)
(0.5645723342895508, 128253.92068800764, 29.6, 50.5)
(0.5802692174911499, 128345.90294047334, 28.1, 50.5)
(0.595359206199646, 65320.70957537413, 27.1, 50.5)
(0.5729712247848511, 64165.28170192423, 28.3, 50.5)
(0.5906765460968018, 128407.29777565176, 26.6, 50.5)
(0.5774282217025757, 128345.90294047334, 28.3, 50.5)
(0.5894242525100708, 128345.90294047334, 28.6, 50.6)
(0.574802041053772, 128376.59301769489, 26.9, 50.5)
(0.5891748666763306, 128253.92068800764, 28.1, 50.5)
(0.5674811601638794, 128253.92068800764, 28.8, 50.5)
(0.5794814825057983, 64157.6137667304, 27.8, 50.5)
(0.5794676542282104, 64126.96034400382, 27.3, 50.5)
(0.5764309167861938, 128345.90294047334, 28.2, 50.5)
(0.5690594911575317, 64157.6137667304, 27.7, 50.5)
(0.6008831262588501, 64149.947663998086, 25.4, 50.5)
(0.5931955575942993, 64195.97178046156, 28.0, 50.5)
(0.583641767501831, 128315.2275334608, 29.6, 50.5)
(0.5482128858566284, 128315.2275334608, 28.7, 50.5)
(0.5844365358352661, 128407.29777565176, 27.6, 50.5)
(0.5823382139205933, 64142.28339307049, 28.0, 50.5)
(0.5822700262069702, 128376.59301769489, 27.8, 50.5)
(0.5685298442840576, 64172.95147023667, 27.6, 50.5)
(0.5919309854507446, 64165.28170192423, 28.1, 50.5)
(0.5738831758499146, 84613.22490149725, 28.5, 50.5)
(0.5849101543426514, 128315.2275334608, 26.8, 50.5)
(0.5780705213546753, 64149.947663998086, 27.3, 50.5)
(0.5915701389312744, 128407.29777565176, 29.6, 50.6)
(0.5603765249252319, 128345.90294047334, 28.5, 50.5)
(0.5806812047958374, 64165.28170192423, 27.7, 50.5)
(0.5740125179290771, 64165.28170192423, 28.2, 50.5)
(0.5767507553100586, 64126.96034400382, 28.9, 50.5)
(0.5771445035934448, 64134.62095329112, 27.1, 50.5)
(0.5727308988571167, 128192.67239732569, 29.2, 50.5)
(0.5876641273498535, 64165.28170192423, 28.6, 50.5)
(0.5949811935424805, 128315.2275334608, 26.8, 50.5)
(0.5764009952545166, 64165.28170192423, 27.8, 50.5)
(0.5720770359039307, 128468.75137592726, 29.6, 50.6)
(0.5532783269882202, 64165.28170192423, 27.4, 50.5)
(0.5771510601043701, 128345.90294047334, 28.0, 50.5)
(0.5913417339324951, 64126.96034400382, 28.1, 50.5)
(0.5738035440444946, 65480.047810708624, 27.7, 50.5)
(0.5786148309707642, 128315.2275334608, 27.6, 50.5)
(0.6116553544998169, 64165.28170192423, 28.0, 50.5)
(0.5818966627120972, 128315.2275334608, 27.8, 50.5)
(0.5839989185333252, 128284.56678614097, 27.5, 50.5)
(0.5707817077636719, 128376.59301769489, 27.9, 50.5)
(0.5902477502822876, 64165.28170192423, 28.8, 50.5)
(0.5752546787261963, 128315.2275334608, 27.2, 50.5)
(0.5970014333724976, 128345.90294047334, 27.7, 50.5)
(0.5610201358795166, 128345.90294047334, 27.9, 50.5)
(0.5771751403808594, 64149.947663998086, 28.9, 50.5)
(0.5824205875396729, 128284.56678614097, 26.3, 50.5)
(0.571471095085144, 64165.28170192423, 29.6, 50.5)
(0.5740917921066284, 128284.56678614097, 27.5, 50.5)
(0.5969038009643555, 64165.28170192423, 27.4, 50.5)
(0.5838168859481812, 64157.6137667304, 27.7, 50.5)
(0.5714923143386841, 128345.90294047334, 28.9, 50.6)
(0.5694566965103149, 128284.56678614097, 28.4, 50.5)
(0.5797481536865234, 128315.2275334608, 27.4, 50.5)
(0.5993319749832153, 128345.90294047334, 28.4, 50.5)
(0.5642646551132202, 64149.947663998086, 27.9, 50.5)
(0.5852795839309692, 132331.99704214936, 27.1, 50.5)
(0.5899056196212769, 132823.08560118754, 27.0, 50.5)
(0.5754455327987671, 132462.59856896126, 28.4, 50.5)
(0.5909830331802368, 128345.90294047334, 27.0, 50.5)
(0.586844801902771, 128376.59301769489, 27.3, 50.5)
(0.606475830078125, 128376.59301769489, 31.9, 50.1)
(0.5711851119995117, 128253.92068800764, 26.8, 50.1)
(0.5949894189834595, 64180.623072325165, 26.5, 50.1)
(0.5621250867843628, 64142.28339307049, 28.4, 50.1)
(0.557344913482666, 64119.30156455273, 28.2, 50.1)
(0.5709133148193359, 64195.97178046156, 28.7, 50.1)
(0.5719138383865356, 128223.28922856461, 27.7, 50.1)
(0.5670958757400513, 128622.64302827025, 28.2, 50.1)
(0.580270528793335, 64157.6137667304, 27.9, 50.1)
(0.5812760591506958, 64119.30156455273, 26.9, 50.1)
(0.5742841958999634, 64134.62095329112, 29.4, 50.2)
(0.573433518409729, 64142.28339307049, 27.2, 50.1)
(0.5737841129302979, 128253.92068800764, 27.2, 50.1)
(0.5790994167327881, 64134.62095329112, 27.9, 50.1)
(0.5672972202301025, 128438.01722488039, 28.0, 50.1)
(0.5839458703994751, 128223.28922856461, 27.7, 50.1)
(0.5921707153320312, 64180.623072325165, 28.5, 50.1)
(0.5732686519622803, 128284.56678614097, 29.5, 50.1)
(0.5784791707992554, 128345.90294047334, 28.1, 50.1)
(0.5539276599884033, 128192.67239732569, 28.4, 50.1)
(0.5756930112838745, 128315.2275334608, 29.2, 50.1)
(0.5737894773483276, 128131.48257756564, 27.1, 50.1)
(0.5749626159667969, 64134.62095329112, 29.2, 50.1)
(0.5635393857955933, 128284.56678614097, 28.5, 49.9)
(0.5828549861907959, 128223.28922856461, 27.6, 49.8)
(0.5782766342163086, 128131.48257756564, 28.3, 49.9)
(0.5741192102432251, 128345.90294047334, 28.8, 49.9)
(0.587726354598999, 64211.32783159909, 30.2, 49.9)
(0.5819435119628906, 128223.28922856461, 27.7, 49.9)
(0.5900583267211914, 128315.2275334608, 27.8, 49.8)
(0.587926983833313, 128499.50023934897, 28.5, 49.9)
(0.5676995515823364, 64119.30156455273, 27.4, 49.9)
(0.5731840133666992, 128039.80729787741, 28.5, 49.8)
(0.584649920463562, 64157.6137667304, 28.8, 49.9)
(0.5717227458953857, 128499.50023934897, 28.4, 49.8)
(0.5714716911315918, 128223.28922856461, 27.7, 49.9)
(0.576932430267334, 128284.56678614097, 28.2, 49.8)
(0.5818301439285278, 128284.56678614097, 30.2, 49.9)
(0.5661457777023315, 128284.56678614097, 27.9, 49.8)
(0.5724323987960815, 128345.90294047334, 27.4, 49.8)
(0.579360842704773, 128192.67239732569, 28.3, 49.8)
(0.5747575759887695, 132462.59856896126, 28.7, 49.9)
(0.5608320236206055, 65154.23689320388, 28.6, 49.9)
(0.5800948143005371, 128100.90956812217, 29.5, 49.9)
(0.5738517045974731, 128192.67239732569, 30.0, 49.9)
(0.5853370428085327, 64172.95147023667, 29.0, 50.0)
(0.5739130973815918, 128315.2275334608, 28.0, 49.9)
(0.5713740587234497, 128315.2275334608, 29.8, 50.0)
(0.5804475545883179, 64180.623072325165, 27.4, 49.9)
(0.5670390129089355, 128284.56678614097, 29.0, 49.9)
(0.5684962272644043, 128499.50023934897, 29.2, 49.9)
(0.5693553686141968, 128468.75137592726, 28.6, 49.9)
(0.564857006072998, 128284.56678614097, 28.3, 49.9)
(0.5787057876586914, 128223.28922856461, 28.3, 49.9)
(0.5754538774490356, 128253.92068800764, 28.9, 50.0)
(0.5595046281814575, 64149.947663998086, 28.7, 49.9)
(0.5766324996948242, 128376.59301769489, 27.8, 49.9)
(0.5767347812652588, 128284.56678614097, 27.9, 49.9)
(0.5725516080856323, 64172.95147023667, 29.9, 49.9)
(0.5723817348480225, 64211.32783159909, 28.8, 49.9)
(0.5749630928039551, 64172.95147023667, 27.7, 49.9)
(0.5909192562103271, 128284.56678614097, 28.6, 50.0)
(0.5598751306533813, 128315.2275334608, 27.3, 49.9)
(0.5763888359069824, 64165.28170192423, 28.7, 49.9)
(0.5699349641799927, 132331.99704214936, 29.1, 49.9)
(0.5674858093261719, 64188.296508847445, 27.8, 49.9)
(0.5623018741607666, 64149.947663998086, 28.5, 49.9)
(0.5928558111190796, 64165.28170192423, 40.2, 50.3)
(0.5926730632781982, 128499.50023934897, 28.0, 50.2)
(0.5602051019668579, 128253.92068800764, 29.6, 50.2)
(0.5672330856323242, 128162.07018381475, 28.7, 50.2)
(0.5770746469497681, 64165.28170192423, 27.9, 50.2)
(0.5782287120819092, 64226.691231008495, 28.3, 50.2)
(0.574825644493103, 128223.28922856461, 29.2, 50.2)
(0.5667885541915894, 128345.90294047334, 27.4, 50.2)
(0.5654397010803223, 128345.90294047334, 28.6, 50.2)
(0.5757237672805786, 64172.95147023667, 28.3, 50.2)
(0.5651898384094238, 126650.36848313281, 28.4, 50.2)
(0.5792349576950073, 128438.01722488039, 28.7, 50.2)
(0.5548015832901001, 128407.29777565176, 28.3, 50.2)
(0.5874292850494385, 64157.6137667304, 28.4, 50.2)
(0.566859245300293, 128315.2275334608, 27.8, 50.2)
(0.5770624876022339, 128315.2275334608, 29.3, 50.3)
(0.5684797763824463, 128345.90294047334, 27.8, 50.2)
(0.5784207582473755, 128315.2275334608, 27.6, 50.2)
(0.5600039958953857, 64195.97178046156, 28.0, 50.2)
(0.5781482458114624, 64126.96034400382, 28.4, 50.2)
(0.5659224987030029, 128345.90294047334, 27.8, 50.2)
(0.5828218460083008, 132039.0831283817, 27.3, 50.2)
(0.5828126668930054, 128407.29777565176, 28.0, 50.2)
(0.5681313276290894, 65051.60693081304, 28.6, 50.2)
(0.5657429695129395, 64142.28339307049, 28.0, 50.2)
(0.58149254322052, 128376.59301769489, 28.7, 50.2)
(0.5742413997650146, 64134.62095329112, 26.4, 50.2)
(0.5707746744155884, 128131.48257756564, 29.0, 50.2)
(0.58673095703125, 65185.88052452647, 28.5, 50.2)
(0.5713416337966919, 61709.300229885055, 29.5, 50.2)
(0.5693588256835938, 64172.95147023667, 28.8, 50.2)
(0.572319746017456, 126979.87511825922, 27.7, 50.2)
(0.564948558807373, 128284.56678614097, 28.9, 50.2)
(0.5760440826416016, 64203.64888782588, 27.6, 50.2)
(0.5623998641967773, 128345.90294047334, 28.9, 50.2)
(0.565985918045044, 64165.28170192423, 29.1, 50.2)
(0.5716835260391235, 128192.67239732569, 29.6, 50.2)
(0.5916017293930054, 132169.10684391926, 30.1, 50.5)
(0.635102391242981, 64188.296508847445, 35.5, 49.8)
(0.562873363494873, 64149.947663998086, 28.4, 49.7)
(0.5687999725341797, 64188.296508847445, 28.3, 49.7)
(0.5793510675430298, 64219.00861244019, 28.7, 49.7)
(0.568378210067749, 64165.28170192423, 29.5, 49.7)
(0.5627481937408447, 128438.01722488039, 28.3, 49.7)
(0.5559390783309937, 65130.524323668564, 29.5, 49.7)
(0.5825207233428955, 128315.2275334608, 28.3, 49.7)
(0.5709742307662964, 128284.56678614097, 28.4, 49.7)
(0.5656951665878296, 64172.95147023667, 28.0, 49.7)
(0.5619114637374878, 124766.65396235185, 29.5, 49.7)
(0.5838533639907837, 64219.00861244019, 28.9, 49.7)
(0.5690490007400513, 128315.2275334608, 27.6, 49.7)
(0.5620582103729248, 128315.2275334608, 28.7, 49.7)
(0.5682650804519653, 128376.59301769489, 28.6, 49.7)
(0.5811890363693237, 64188.296508847445, 28.6, 49.7)
(0.565070390701294, 64165.28170192423, 28.4, 49.7)
(0.5791288614273071, 64226.691231008495, 28.0, 49.7)
(0.5702590942382812, 128468.75137592726, 28.1, 49.7)
(0.5673874616622925, 128162.07018381475, 28.1, 49.7)
(0.5865650177001953, 128284.56678614097, 28.2, 49.7)
(0.5739650726318359, 128223.28922856461, 29.5, 49.7)
(0.5645666122436523, 128499.50023934897, 28.2, 49.7)
(0.574676513671875, 128315.2275334608, 28.0, 49.7)
(0.5680768489837646, 128315.2275334608, 28.2, 49.7)
(0.5737606287002563, 128376.59301769489, 29.1, 49.8)
(0.5592427253723145, 64188.296508847445, 28.1, 49.7)
(0.5777462720870972, 64188.296508847445, 28.0, 49.7)
(0.5769517421722412, 64073.3872777181, 29.4, 49.7)
(0.5533924102783203, 64149.947663998086, 29.1, 49.7)
(0.5612390041351318, 128284.56678614097, 27.6, 49.7)
(0.5755950212478638, 65130.524323668564, 29.0, 49.7)
(0.5834923982620239, 64172.95147023667, 29.5, 49.8)
(0.5549658536911011, 128284.56678614097, 27.2, 49.7)
(0.5586063861846924, 128315.2275334608, 29.1, 49.7)
(0.5765557289123535, 128253.92068800764, 28.6, 49.7)
(0.567112922668457, 64165.28170192423, 28.7, 49.7)
(0.5713053941726685, 128253.92068800764, 28.7, 49.7)
(0.5597845315933228, 124333.23575729504, 27.2, 49.7)
(0.5830224752426147, 128345.90294047334, 29.9, 49.7)
(0.5650779008865356, 64242.06198396554, 27.7, 49.7)
(0.5683056116104126, 64134.62095329112, 29.0, 49.7)
(0.5620698928833008, 128315.2275334608, 28.3, 49.7)
(0.5730258226394653, 128039.80729787741, 27.6, 49.7)
(0.5819450616836548, 64149.947663998086, 29.1, 49.7)
(0.5704096555709839, 64165.28170192423, 29.0, 49.7)
(0.5652989149093628, 128345.90294047334, 29.1, 49.7)
(0.5696374177932739, 128345.90294047334, 29.3, 49.7)
(0.5760232210159302, 128376.59301769489, 29.1, 49.7)
(0.5672674179077148, 128376.59301769489, 29.3, 49.7)
(0.5871039628982544, 64203.64888782588, 28.9, 49.7)
(0.5777593851089478, 128345.90294047334, 29.1, 49.7)
(0.5745043754577637, 128315.2275334608, 27.5, 49.7)
(0.5654882192611694, 128223.28922856461, 28.5, 49.7)
(0.5657966136932373, 128376.59301769489, 28.9, 49.7)
(0.5765209197998047, 64180.623072325165, 27.6, 49.7)
(0.5845643281936646, 64165.28170192423, 29.1, 49.6)
(0.5777275562286377, 64188.296508847445, 29.0, 49.6)
(0.5598020553588867, 128315.2275334608, 29.1, 49.6)
(0.5640100240707397, 128345.90294047334, 28.4, 49.6)
(0.5722301006317139, 64157.6137667304, 28.2, 49.6)
(0.5794422626495361, 128407.29777565176, 27.8, 49.6)
(0.5979963541030884, 64195.97178046156, 27.6, 49.6)
(0.5746511220932007, 128407.29777565176, 28.8, 49.6)
(0.5709728002548218, 128561.04214559386, 28.8, 49.6)
(0.5774555206298828, 64188.296508847445, 28.8, 49.6)
(0.5590051412582397, 128345.90294047334, 28.2, 49.6)
(0.5829416513442993, 64165.28170192423, 28.7, 49.6)
(0.5764110088348389, 64134.62095329112, 27.9, 49.6)
(0.5635899305343628, 128438.01722488039, 28.7, 49.6)
(0.5761604309082031, 64211.32783159909, 27.2, 49.6)
(0.5765490531921387, 64180.623072325165, 29.2, 49.6)
(0.5645092725753784, 128162.07018381475, 28.8, 49.6)
(0.5545064210891724, 128253.92068800764, 28.6, 49.6)
(0.5684648752212524, 132169.10684391926, 28.8, 49.6)
(0.6287025213241577, 64211.32783159909, 44.1, 50.2)
(0.5695984363555908, 123988.66327944573, 27.6, 50.2)
(0.5600720643997192, 64126.96034400382, 29.3, 50.2)
(0.5614988803863525, 42437.03359418228, 28.3, 50.2)
(0.5785664319992065, 64165.28170192423, 29.5, 50.1)
(0.5774555206298828, 128376.59301769489, 28.2, 50.1)
(0.5647968053817749, 64180.623072325165, 29.9, 50.2)
(0.5616991519927979, 128468.75137592726, 28.1, 50.2)
(0.5698103904724121, 128284.56678614097, 28.7, 50.2)
(0.5659809112548828, 64172.95147023667, 28.8, 50.2)
(0.5669502019882202, 64165.28170192423, 28.9, 50.2)
(0.5651839971542358, 64126.96034400382, 29.7, 50.2)
(0.5641143321990967, 88783.0183562097, 28.4, 50.2)
(0.5685136318206787, 67949.74205796735, 28.1, 50.2)
(0.5563609600067139, 64180.623072325165, 28.6, 50.2)
(0.5689778327941895, 64172.95147023667, 29.4, 50.2)
(0.5764203071594238, 128345.90294047334, 28.3, 50.2)
(0.5742335319519043, 128253.92068800764, 28.8, 50.2)
(0.5710175037384033, 64180.623072325165, 27.6, 50.2)
(0.5645118951797485, 128315.2275334608, 28.4, 50.2)
(0.5595041513442993, 64195.97178046156, 29.6, 50.2)
(0.5751750469207764, 128530.26382571223, 28.7, 50.2)
(0.5786077976226807, 132234.2147783251, 27.2, 50.1)
(0.5563596487045288, 128253.92068800764, 30.7, 50.1)
(0.5670450925827026, 128315.2275334608, 29.5, 50.1)
(0.5672746896743774, 128345.90294047334, 29.1, 50.1)
(0.5648963451385498, 128376.59301769489, 29.4, 50.1)
(0.5521069765090942, 64165.28170192423, 28.6, 50.1)
(0.5774205923080444, 64219.00861244019, 28.1, 50.1)
(0.5785731077194214, 64172.95147023667, 28.1, 50.1)
(0.569894552230835, 64149.947663998086, 28.7, 50.1)
(0.5709658861160278, 64172.95147023667, 28.4, 50.1)
(0.5695419311523438, 64157.6137667304, 28.3, 50.1)
(0.570125937461853, 128468.75137592726, 28.9, 50.1)
(0.5734740495681763, 128530.26382571223, 28.8, 50.1)
(0.5733051300048828, 128407.29777565176, 28.6, 50.1)
(0.5795613527297974, 128253.92068800764, 28.7, 50.1)
(0.5752785205841064, 128438.01722488039, 28.6, 50.1)
(0.5620231628417969, 128345.90294047334, 29.3, 50.1)
(0.5700106620788574, 65288.93493858689, 29.3, 50.1)
(0.5782935619354248, 64157.6137667304, 27.7, 50.1)
(0.5639536380767822, 129335.31968200434, 29.2, 50.1)
(0.5731844902038574, 128345.90294047334, 29.1, 50.1)
(0.5671708583831787, 42764.92846901386, 28.2, 50.1)
(0.588189959526062, 128315.2275334608, 33.9, 50.3)
(0.5806218385696411, 128315.2275334608, 28.1, 50.3)
(0.5797433853149414, 64211.32783159909, 28.5, 50.3)
(0.5760776996612549, 64157.6137667304, 29.1, 50.2)
(0.5715702772140503, 128192.67239732569, 29.4, 50.2)
(0.5730522871017456, 128345.90294047334, 28.0, 50.1)
(0.5692191123962402, 64195.97178046156, 27.9, 50.1)
(0.5613210201263428, 128530.26382571223, 28.6, 50.1)
(0.5799297094345093, 64172.95147023667, 28.0, 50.1)
(0.5967017412185669, 64165.28170192423, 32.0, 49.8)
(0.5543137788772583, 64195.97178046156, 29.7, 49.7)
(0.5709389448165894, 128776.90381386424, 28.8, 49.7)
(0.5744328498840332, 128407.29777565176, 28.8, 49.7)
(0.5786412954330444, 128345.90294047334, 28.1, 49.7)
(0.5712981224060059, 128315.2275334608, 27.5, 49.7)
(0.5704292058944702, 128284.56678614097, 28.3, 49.7)
(0.5791139602661133, 128376.59301769489, 28.3, 49.8)
(0.5679811239242554, 128315.2275334608, 28.3, 49.7)
(0.5728819370269775, 64203.64888782588, 27.9, 49.7)
(0.5629943609237671, 128284.56678614097, 27.5, 49.7)
(0.5705963373184204, 128223.28922856461, 28.6, 49.8)
(0.5648359060287476, 64157.6137667304, 28.0, 49.8)
(0.5682274103164673, 128345.90294047334, 27.8, 49.8)
(0.5839378833770752, 128438.01722488039, 27.3, 49.8)
(0.5801495313644409, 64165.28170192423, 27.7, 49.8)
(0.5784538984298706, 128223.28922856461, 27.9, 49.8)
(0.5710912942886353, 128284.56678614097, 28.6, 49.8)
(0.5992259979248047, 128376.59301769489, 27.5, 49.7)
(0.5595030784606934, 128407.29777565176, 28.1, 49.7)
(0.5605010986328125, 64188.296508847445, 29.3, 49.7)
(0.5586493015289307, 128284.56678614097, 28.6, 49.7)
(0.5606849193572998, 128345.90294047334, 27.8, 49.7)
(0.5650246143341064, 64272.8255716509, 28.7, 49.7)
(0.575397253036499, 128376.59301769489, 27.1, 49.7)
(0.5568975210189819, 128284.56678614097, 28.8, 49.8)
(0.5574426651000977, 64172.95147023667, 29.4, 49.7)
(0.5774686336517334, 64165.28170192423, 30.3, 49.8)
(0.565986156463623, 64180.623072325165, 28.2, 49.7)
(0.5676121711730957, 128284.56678614097, 29.5, 49.8)
(0.5591671466827393, 128192.67239732569, 28.7, 49.7)
(0.5741972923278809, 127887.30633635064, 27.9, 49.8)
(0.5661503076553345, 128345.90294047334, 29.0, 49.8)
(0.5774855613708496, 64172.95147023667, 29.0, 49.8)
(0.5579674243927002, 128315.2275334608, 29.9, 49.7)
(0.5769444704055786, 128284.56678614097, 28.8, 49.7)
(0.5795221328735352, 64165.28170192423, 28.1, 49.8)
(0.5588130950927734, 128345.90294047334, 28.2, 49.7)
(0.5858124494552612, 128345.90294047334, 28.4, 49.7)
(0.5716109275817871, 64165.28170192423, 28.2, 49.7)
(0.5614705085754395, 128192.67239732569, 28.4, 49.7)
(0.5751739740371704, 128345.90294047334, 28.7, 49.7)
(0.5649880170822144, 128591.83520958084, 28.1, 49.7)
(0.5830782651901245, 128345.90294047334, 27.9, 49.8)
(0.574836015701294, 64172.95147023667, 27.5, 49.7)
(0.5614930391311646, 128345.90294047334, 28.6, 49.7)
(0.570300817489624, 64149.947663998086, 28.2, 49.7)
(0.5744479894638062, 64180.623072325165, 28.3, 49.7)
(0.5741090774536133, 64172.95147023667, 28.0, 49.7)
(0.5672417879104614, 128192.67239732569, 29.4, 49.7)
(0.5588890314102173, 64149.947663998086, 28.2, 49.7)
(0.5708421468734741, 64157.6137667304, 27.2, 49.7)
(0.5756772756576538, 65154.23689320388, 28.6, 49.7)
(0.5618880987167358, 63094.477846985545, 28.8, 49.7)
(0.5669460296630859, 64134.62095329112, 28.6, 49.7)
(0.5707690715789795, 65249.260087506074, 28.3, 49.7)
(0.563988208770752, 64134.62095329112, 27.5, 49.7)
(0.5553911924362183, 128315.2275334608, 28.6, 49.7)
(0.562785267829895, 128376.59301769489, 28.4, 49.7)
(0.5885324478149414, 64126.96034400382, 34.4, 49.1)
(0.579195499420166, 129616.34765813616, 29.6, 48.7)
(0.571556806564331, 132234.2147783251, 27.8, 48.8)
(0.5554594993591309, 64126.96034400382, 28.6, 48.8)
(0.581480860710144, 128468.75137592726, 27.7, 48.8)
(0.5705341100692749, 128315.2275334608, 28.5, 48.8)
(0.5745968818664551, 64142.28339307049, 27.9, 48.8)
(0.5636491775512695, 128315.2275334608, 29.2, 48.8)
(0.5747357606887817, 128530.26382571223, 28.0, 48.8)
(0.5640544891357422, 128315.2275334608, 27.5, 48.8)
(0.5657991170883179, 128468.75137592726, 29.2, 48.8)
(0.5624597072601318, 128746.02206235012, 28.5, 48.8)
(0.5655732154846191, 64142.28339307049, 28.3, 48.8)
(0.5578492879867554, 132495.28923988153, 27.5, 48.9)
(0.5800580978393555, 128776.90381386424, 27.7, 48.9)
(0.5737408399581909, 64172.95147023667, 29.1, 48.9)
(0.5763427019119263, 128162.07018381475, 27.8, 48.8)
(0.5997930765151978, 128438.01722488039, 40.0, 49.9)
(0.5988945960998535, 128345.90294047334, 37.3, 49.4)
(0.5810866355895996, 125378.54086875291, 35.8, 51.1)
(0.6044410467147827, 64149.947663998086, 35.1, 49.3)
(0.5990543365478516, 128284.56678614097, 35.8, 49.1)
(0.5667861700057983, 128407.29777565176, 36.4, 49.2)
(0.5838485956192017, 128315.2275334608, 36.0, 49.2)
(0.5870882272720337, 64157.6137667304, 29.8, 49.1)
(0.5897316932678223, 64165.28170192423, 27.8, 49.1)
(0.5892388820648193, 128407.29777565176, 28.6, 49.2)
(0.5705829858779907, 128284.56678614097, 27.9, 49.1)
(0.590767502784729, 128715.15511867657, 27.2, 49.1)
(0.5729982852935791, 128253.92068800764, 28.8, 49.1)
(0.5563242435455322, 64149.947663998086, 28.8, 49.1)
(0.5612668991088867, 128223.28922856461, 27.2, 49.1)
(0.5743461847305298, 128253.92068800764, 28.2, 49.1)
(0.5790053606033325, 128284.56678614097, 28.9, 49.2)
(0.5778543949127197, 126620.49811320755, 28.1, 49.1)
(0.5814172029495239, 128345.90294047334, 28.0, 49.1)
(0.5760736465454102, 128591.83520958084, 27.5, 49.1)
(0.5605000257492065, 128376.59301769489, 29.2, 49.1)
(0.5715322494506836, 127765.56687291765, 28.9, 49.1)
(0.5577585697174072, 128284.56678614097, 27.8, 49.1)
(0.5852769613265991, 128499.50023934897, 28.6, 49.2)
(0.5821908712387085, 128315.2275334608, 27.6, 49.1)
(0.5657565593719482, 128315.2275334608, 27.5, 49.1)
(0.5590348243713379, 128162.07018381475, 28.5, 49.1)
(0.5717236995697021, 128070.35114503816, 28.5, 49.1)
(0.5549391508102417, 42792.19767256496, 28.1, 49.1)
(0.5614175796508789, 128345.90294047334, 27.8, 49.1)
(0.5761747360229492, 64134.62095329112, 28.7, 49.1)
(0.569654107093811, 128284.56678614097, 29.3, 49.1)
(0.5741199254989624, 64219.00861244019, 27.7, 49.1)
(0.5767039060592651, 128776.90381386424, 28.8, 49.1)
(0.5660237073898315, 64188.296508847445, 29.3, 49.2)
(0.569717526435852, 128253.92068800764, 28.6, 49.1)
(0.5544350147247314, 65106.82900800388, 30.3, 49.1)
(0.5814113616943359, 128591.83520958084, 28.1, 49.1)
(0.5702879428863525, 128192.67239732569, 28.0, 49.1)
(0.5670311450958252, 128315.2275334608, 28.7, 49.1)
(0.569774866104126, 64165.28170192423, 29.6, 49.1)
(0.5655732154846191, 64157.6137667304, 28.3, 49.1)
(0.6187794208526611, 128345.90294047334, 25.8, 49.1)
(0.5796177387237549, 64203.64888782588, 28.2, 49.1)
(0.5620036125183105, 128376.59301769489, 27.3, 49.1)
(0.5576885938644409, 128407.29777565176, 29.2, 49.1)
(0.5596326589584351, 128284.56678614097, 27.5, 49.0)
(0.5668603181838989, 64157.6137667304, 28.8, 49.0)
(0.5728758573532104, 128376.59301769489, 29.3, 49.1)
(0.5553523302078247, 128376.59301769489, 28.9, 49.0)
(0.5559093952178955, 131844.5265225933, 29.6, 49.0)
(0.5668172836303711, 64195.97178046156, 29.4, 49.0)
(0.5768599510192871, 128345.90294047334, 29.0, 49.1)
(0.5680481195449829, 64188.296508847445, 27.2, 49.1)
(0.558866024017334, 128223.28922856461, 28.9, 48.9)
(0.5735528469085693, 64226.691231008495, 30.0, 49.0)
(0.5920422077178955, 64149.947663998086, 28.0, 49.0)
(0.5695725679397583, 128376.59301769489, 30.0, 49.2)
(0.5642755031585693, 64157.6137667304, 29.2, 49.2)
(0.5864320993423462, 64180.623072325165, 29.8, 49.3)
(0.5964276790618896, 132266.79280610988, 27.0, 49.2)
(0.5859338045120239, 128315.2275334608, 27.9, 49.2)
(0.5689026117324829, 128253.92068800764, 28.1, 49.2)
(0.5829417705535889, 64172.95147023667, 27.8, 49.2)
(0.5629944801330566, 128376.59301769489, 29.1, 49.2)
(0.5623131990432739, 128223.28922856461, 29.4, 49.2)
(0.5771681070327759, 64119.30156455273, 29.9, 49.3)
(0.5702413320541382, 128376.59301769489, 27.6, 49.2)
(0.569975733757019, 128284.56678614097, 28.4, 49.2)
(0.6102842092514038, 64165.28170192423, 29.4, 49.3)
(0.5640270709991455, 128253.92068800764, 28.0, 49.2)
(0.5874300003051758, 128376.59301769489, 27.9, 49.2)
(0.5711983442306519, 64134.62095329112, 27.8, 49.2)
(0.5711631774902344, 128345.90294047334, 29.0, 49.2)
(0.5692102909088135, 64195.97178046156, 29.2, 49.2)
(0.5744367837905884, 128345.90294047334, 28.7, 49.2)
(0.5789012908935547, 116230.98332972504, 29.1, 49.3)
(0.5668572187423706, 128131.48257756564, 28.0, 49.2)
(0.5734834671020508, 128345.90294047334, 29.4, 49.2)
(0.5781526565551758, 128284.56678614097, 29.1, 49.2)
(0.5781553983688354, 64172.95147023667, 28.0, 49.2)
(0.5713186264038086, 128253.92068800764, 29.2, 49.2)
(0.5666426420211792, 128345.90294047334, 29.3, 49.2)
(0.5817017555236816, 128530.26382571223, 28.8, 49.2)
(0.5628492832183838, 64157.6137667304, 27.3, 49.2)
(0.5667880773544312, 64180.623072325165, 28.6, 49.2)
(0.5558969974517822, 131779.80166912125, 28.7, 49.2)
(0.5833573341369629, 64157.6137667304, 29.2, 49.2)
(0.572452187538147, 128253.92068800764, 28.3, 49.2)
(0.5792676210403442, 128284.56678614097, 27.9, 49.2)
(0.575087308883667, 64149.947663998086, 28.4, 49.2)
(0.5662739276885986, 64157.6137667304, 29.2, 49.2)
(0.5709724426269531, 128192.67239732569, 27.9, 49.2)
(0.5600031614303589, 64111.644614282304, 28.2, 49.2)
(0.5794211626052856, 128376.59301769489, 29.8, 49.3)
(0.6006613969802856, 64096.336198662844, 27.3, 49.2)
(0.5794669389724731, 128438.01722488039, 28.7, 49.2)
(0.5820114612579346, 128253.92068800764, 29.0, 49.2)
(0.5744634866714478, 64149.947663998086, 28.2, 49.2)
(0.5754412412643433, 128039.80729787741, 27.7, 49.2)
(0.5630108118057251, 64203.64888782588, 28.9, 49.2)
(0.5622912645339966, 64142.28339307049, 28.6, 49.2)
(0.5456711053848267, 128223.28922856461, 28.8, 49.2)
(0.5696578025817871, 64149.947663998086, 29.8, 49.2)
(0.5607582330703735, 128223.28922856461, 29.6, 49.2)
(0.5679497718811035, 128376.59301769489, 27.7, 49.2)
(0.5678802728652954, 64149.947663998086, 28.9, 49.2)
(0.578365683555603, 128284.56678614097, 27.9, 49.2)
(0.5813604593276978, 128284.56678614097, 30.0, 49.2)
(0.563734769821167, 128653.46561226936, 28.5, 49.2)
(0.5663067102432251, 128100.90956812217, 28.8, 49.2)
(0.5647028684616089, 131941.73310395674, 29.1, 49.2)
(0.5813593864440918, 64134.62095329112, 29.4, 49.2)
(0.5637727975845337, 64180.623072325165, 29.1, 49.2)
(0.5773477554321289, 128438.01722488039, 28.3, 49.2)
(0.5972771644592285, 128070.35114503816, 29.2, 49.2)
(0.5584192276000977, 128345.90294047334, 27.3, 49.2)
(0.5651003122329712, 63822.02948169282, 28.2, 49.2)
(0.5766798257827759, 128407.29777565176, 28.2, 49.2)
(0.5794618129730225, 128407.29777565176, 27.8, 49.2)
(0.5815240144729614, 124795.6559739656, 27.7, 49.2)
(0.5685253143310547, 64126.96034400382, 28.0, 49.2)
(0.5709240436553955, 128223.28922856461, 28.9, 49.2)
(0.5681586265563965, 128284.56678614097, 27.8, 49.2)
(0.572352409362793, 64149.947663998086, 28.1, 49.2)
(0.5614216327667236, 128345.90294047334, 29.3, 49.2)
(0.5721138715744019, 65432.164777574646, 28.5, 49.2)
(0.5730236768722534, 128345.90294047334, 28.4, 49.2)
(0.5663667917251587, 64157.6137667304, 28.3, 49.2)
(0.5775251388549805, 128345.90294047334, 28.9, 49.3)
(0.5593668222427368, 128284.56678614097, 28.3, 49.2)
(0.5833688974380493, 64172.95147023667, 29.0, 49.2)
(0.5737638473510742, 128345.90294047334, 29.4, 49.2)
(0.5685005187988281, 128284.56678614097, 29.0, 49.2)
(0.5582863092422485, 64165.28170192423, 29.2, 49.2)
(0.570842981338501, 64172.95147023667, 28.5, 49.2)
(0.582140326499939, 64933.58877600387, 28.4, 49.3)
(0.5708235502243042, 64142.28339307049, 27.9, 49.2)
(0.5647809505462646, 128376.59301769489, 27.7, 49.2)
(0.5685882568359375, 132104.06299212598, 29.4, 49.2)
(0.5603899955749512, 128468.75137592726, 28.4, 49.2)
(0.5642822980880737, 64157.6137667304, 30.6, 49.2)
(0.5642780065536499, 64165.28170192423, 28.5, 49.2)
(0.5726549625396729, 64157.6137667304, 28.2, 49.2)
(0.5636290311813354, 128407.29777565176, 27.8, 49.2)
(0.5779812335968018, 131909.31498771498, 27.5, 49.2)
(0.5748534202575684, 128345.90294047334, 29.1, 49.2)
(0.5754870176315308, 64157.6137667304, 27.7, 49.2)
(0.5587383508682251, 128345.90294047334, 28.2, 49.2)
(0.5637404918670654, 128376.59301769489, 29.3, 49.2)
(0.5615088939666748, 128468.75137592726, 28.6, 49.2)
(0.5870726108551025, 128253.92068800764, 28.0, 49.2)
(0.5701911449432373, 64157.6137667304, 28.8, 49.2)
(0.5605149269104004, 128345.90294047334, 29.9, 49.2)
(0.5649892091751099, 128253.92068800764, 28.0, 49.2)
(0.5687662363052368, 128499.50023934897, 28.0, 49.2)
(0.5742449760437012, 64172.95147023667, 28.7, 49.1)
(0.5800918340682983, 64165.28170192423, 27.9, 49.2)
(0.5611207485198975, 128284.56678614097, 28.2, 49.2)
(0.5653570890426636, 128345.90294047334, 27.9, 49.2)
(0.563475489616394, 64411.62711457709, 30.3, 49.2)
(0.5834826231002808, 64219.00861244019, 30.0, 49.2)
(0.5593169927597046, 128223.28922856461, 28.6, 49.2)
(0.5866298675537109, 132234.2147783251, 29.6, 49.2)
(0.5644614696502686, 64142.28339307049, 29.2, 49.2)
(0.5667376518249512, 128284.56678614097, 28.6, 49.2)
(0.564499020576477, 128345.90294047334, 27.3, 49.2)
(0.5720669031143188, 128345.90294047334, 29.0, 49.2)
(0.5770250558853149, 128315.2275334608, 28.6, 49.2)
(0.5616624355316162, 128315.2275334608, 29.4, 49.2)
(0.5775548219680786, 64134.62095329112, 27.8, 49.2)
(0.5777782201766968, 128284.56678614097, 28.1, 49.2)
(0.5778553485870361, 64172.95147023667, 28.5, 49.2)
(0.5664772987365723, 64172.95147023667, 28.2, 49.2)
(0.5604914426803589, 64142.28339307049, 28.9, 49.2)
(0.5680440664291382, 128162.07018381475, 29.4, 49.2)
(0.5660514831542969, 128192.67239732569, 28.7, 49.2)
(0.5618635416030884, 128345.90294047334, 28.4, 49.2)
(0.5697363615036011, 128223.28922856461, 28.3, 49.2)
(0.6087038516998291, 64157.6137667304, 28.7, 49.3)
(0.5668853521347046, 128376.59301769489, 28.3, 49.2)
(0.554671049118042, 128376.59301769489, 28.4, 49.2)
(0.5521939992904663, 128438.01722488039, 28.3, 49.2)
(0.5856008529663086, 64103.989492537316, 29.0, 49.2)
(0.5689462423324585, 128284.56678614097, 28.6, 49.2)
(0.5699293613433838, 128315.2275334608, 29.2, 49.2)
(0.5555139780044556, 128438.01722488039, 27.4, 49.2)
(0.5723639726638794, 128376.59301769489, 28.8, 49.2)
(0.5691275596618652, 128253.92068800764, 29.1, 49.2)
(0.5776640176773071, 129616.34765813616, 28.2, 49.2)
(0.5666731595993042, 128223.28922856461, 29.3, 49.3)
(0.5706491470336914, 64149.947663998086, 27.2, 49.2)
(0.5867093801498413, 64172.95147023667, 28.4, 49.2)
(0.5603673458099365, 128345.90294047334, 29.3, 49.2)
(0.5609562397003174, 128223.28922856461, 29.2, 49.2)
(0.577655553817749, 64157.6137667304, 28.5, 49.2)
(0.571184515953064, 128253.92068800764, 29.7, 49.2)
(0.5832194089889526, 128315.2275334608, 28.7, 49.3)
(0.5642048120498657, 128345.90294047334, 27.5, 49.2)
(0.5760552883148193, 128622.64302827025, 28.3, 49.2)
(0.558539867401123, 64157.6137667304, 29.3, 49.2)
(0.5713622570037842, 64172.95147023667, 28.7, 49.2)
(0.5659067630767822, 64142.28339307049, 28.3, 49.2)
(0.5690100193023682, 128192.67239732569, 28.2, 49.2)
(0.5728015899658203, 128315.2275334608, 28.7, 49.2)
(0.5711487531661987, 128345.90294047334, 28.4, 49.2)
(0.5817136764526367, 63429.92816635161, 29.0, 49.2)
(0.5730102062225342, 128561.04214559386, 28.3, 49.2)
(0.5793209075927734, 128284.56678614097, 28.2, 49.2)
(0.5761070251464844, 64165.28170192423, 28.5, 49.2)
(0.570014476776123, 128315.2275334608, 29.2, 49.2)
(0.5941177606582642, 128315.2275334608, 29.7, 49.3)
(0.5684549808502197, 128376.59301769489, 27.4, 49.2)
(0.5651305913925171, 64165.28170192423, 27.9, 49.2)
(0.5658829212188721, 132495.28923988153, 28.7, 49.2)
(0.5798513889312744, 128315.2275334608, 28.5, 49.2)
(0.5578824281692505, 64165.28170192423, 29.3, 49.2)
(0.5823122262954712, 128315.2275334608, 29.7, 49.2)
(0.591212272644043, 64172.95147023667, 32.6, 48.6)
(0.5653185844421387, 128376.59301769489, 27.6, 48.5)
(0.579688310623169, 128499.50023934897, 28.3, 48.5)
(0.5673782825469971, 64172.95147023667, 28.7, 48.5)
(0.5711421966552734, 128315.2275334608, 28.4, 48.5)
(0.5744309425354004, 128223.28922856461, 28.0, 48.5)
(0.5688049793243408, 128192.67239732569, 28.2, 48.5)
(0.5609989166259766, 64203.64888782588, 30.6, 48.6)
(0.5705459117889404, 64142.28339307049, 27.1, 48.5)
(0.5712459087371826, 64180.623072325165, 28.5, 48.5)
(0.5677660703659058, 64142.28339307049, 28.1, 48.5)
(0.5652128458023071, 128162.07018381475, 28.4, 48.5)
(0.5604422092437744, 64157.6137667304, 28.4, 48.5)
(0.587438702583313, 64142.28339307049, 27.7, 48.5)
(0.5818872451782227, 128284.56678614097, 29.2, 48.5)
(0.5694828033447266, 128315.2275334608, 27.3, 48.5)
(0.567341685295105, 64180.623072325165, 27.6, 48.5)
(0.5715888738632202, 128315.2275334608, 29.4, 48.5)
(0.5615849494934082, 64157.6137667304, 29.9, 48.5)
(0.5545898675918579, 65106.82900800388, 29.4, 48.5)
(0.5814417600631714, 132071.56506765066, 28.7, 48.5)
(0.5794507265090942, 64165.28170192423, 28.5, 48.5)
(0.5778433084487915, 64226.691231008495, 28.3, 48.5)
(0.5817692279815674, 128315.2275334608, 27.1, 48.5)
(0.5641698837280273, 64111.644614282304, 28.5, 48.5)
(0.5758944749832153, 128253.92068800764, 29.1, 48.6)
(0.5710402727127075, 64111.644614282304, 29.1, 48.5)
(0.5637879371643066, 128591.83520958084, 31.2, 48.5)
(0.5525213479995728, 128315.2275334608, 28.7, 48.5)
(0.5659514665603638, 128253.92068800764, 28.4, 48.5)
(0.5899078845977783, 65098.93440038802, 27.6, 48.5)
(0.557160496711731, 128807.80038387715, 29.7, 48.5)
(0.5625804662704468, 249012.4823747681, 29.1, 48.5)
(0.5592375993728638, 128376.59301769489, 28.3, 48.5)
(0.5797028541564941, 63648.003793716656, 29.1, 48.5)
(0.568326473236084, 128407.29777565176, 30.1, 48.5)
(0.5741199254989624, 62725.89227713518, 28.7, 48.6)
(0.5641930103302002, 64142.28339307049, 27.8, 48.5)
(0.5684331655502319, 78963.21694366819, 29.0, 48.5)
(0.5600510835647583, 128315.2275334608, 28.3, 48.5)
(0.566879391670227, 128100.90956812217, 29.0, 48.5)
(0.5813572406768799, 128070.35114503816, 28.6, 48.5)
(0.5815659761428833, 128345.90294047334, 28.1, 48.5)
(0.5861918926239014, 128438.01722488039, 29.0, 48.6)
(0.5686323642730713, 64157.6137667304, 28.4, 48.5)
(0.5646134614944458, 128253.92068800764, 29.9, 48.5)
(0.5629717111587524, 133682.99601593625, 29.0, 48.5)
(0.5691606998443604, 64119.30156455273, 29.3, 48.5)
(0.568337082862854, 64165.28170192423, 28.9, 48.5)
(0.5826436281204224, 128407.29777565176, 28.4, 48.5)
(0.569649338722229, 128407.29777565176, 28.7, 48.5)
(0.5709627866744995, 128223.28922856461, 29.2, 48.5)
(0.5674954652786255, 126174.12737955347, 28.3, 48.5)
(0.5641660690307617, 128376.59301769489, 28.0, 48.5)
(0.5880790948867798, 64149.947663998086, 29.2, 48.6)
(0.5678914785385132, 128315.2275334608, 28.2, 48.5)
(0.5569378137588501, 128438.01722488039, 27.9, 48.5)
(0.5719313621520996, 128192.67239732569, 28.3, 48.5)
(0.5714963674545288, 64126.96034400382, 28.4, 48.5)
(0.5819473266601562, 128438.01722488039, 27.9, 48.5)
(0.5850929021835327, 128468.75137592726, 28.9, 48.5)
(0.5747506618499756, 128407.29777565176, 28.3, 48.5)
(0.5675809383392334, 128315.2275334608, 28.3, 48.5)
(0.5699717998504639, 128684.30297219558, 29.1, 48.5)
(0.5713757276535034, 132626.21343873517, 29.9, 48.5)
(0.5662237405776978, 64172.95147023667, 29.0, 48.5)
(0.5845448970794678, 132006.61716252766, 27.7, 48.5)
(0.5628534555435181, 127948.26310772164, 29.2, 48.5)
(0.5569162368774414, 64134.62095329112, 30.4, 48.6)
(0.5733801126480103, 128284.56678614097, 27.9, 48.5)
(0.5673115253448486, 128253.92068800764, 28.5, 48.6)
(0.5669838190078735, 64142.28339307049, 28.8, 48.6)
(0.5685043334960938, 128192.67239732569, 27.9, 48.5)
(0.5719090700149536, 128284.56678614097, 28.5, 48.5)
(0.5769572257995605, 128315.2275334608, 29.3, 48.5)
(0.5748034715652466, 128345.90294047334, 28.5, 48.6)
(0.5661481618881226, 128315.2275334608, 27.6, 48.5)
(0.5601402521133423, 128468.75137592726, 28.5, 48.5)
(0.5751693248748779, 64188.296508847445, 28.9, 48.5)
(0.5669822692871094, 64242.06198396554, 29.7, 48.6)
(0.5758508443832397, 128345.90294047334, 27.6, 48.5)
(0.5749622583389282, 64165.28170192423, 27.9, 48.5)
(0.5650525093078613, 128468.75137592726, 28.0, 48.5)
(0.5699758529663086, 64157.6137667304, 29.0, 48.5)
(0.559596061706543, 128561.04214559386, 29.7, 48.5)
(0.5627454519271851, 128407.29777565176, 27.9, 48.5)
(0.5838247537612915, 130182.08341416101, 30.2, 48.6)
(0.5568809509277344, 65059.49006301503, 28.3, 48.5)
(0.5522384643554688, 128284.56678614097, 28.9, 48.5)
(0.5817409753799438, 64096.336198662844, 28.7, 48.5)
(0.5779546499252319, 128192.67239732569, 28.5, 48.5)
(0.5707029104232788, 128253.92068800764, 29.5, 48.5)
(0.5582758188247681, 128315.2275334608, 29.6, 48.5)
(0.5737704038619995, 64172.95147023667, 28.7, 48.5)
(0.5694760084152222, 64149.947663998086, 28.3, 48.5)
(0.5579410791397095, 64165.28170192423, 29.8, 48.5)
(0.5512369871139526, 128162.07018381475, 29.4, 48.5)
(0.5725013017654419, 64165.28170192423, 29.4, 48.5)
(0.5817066431045532, 64149.947663998086, 28.6, 48.5)
(0.5691306591033936, 64103.989492537316, 28.8, 48.5)
(0.5606323480606079, 64165.28170192423, 28.8, 48.5)
(0.5750328302383423, 64172.95147023667, 29.1, 48.6)
(0.5571938753128052, 128223.28922856461, 28.2, 48.5)
(0.5615507364273071, 128223.28922856461, 29.0, 48.5)
(0.5807294845581055, 64134.62095329112, 29.2, 48.5)
(0.5755221843719482, 128345.90294047334, 27.3, 48.5)
(0.5784374475479126, 65201.713869322324, 31.3, 48.6)
(0.5929363965988159, 128345.90294047334, 28.8, 48.5)
(0.5846710205078125, 128223.28922856461, 30.1, 48.6)
(0.5814447402954102, 128315.2275334608, 27.3, 48.5)
(0.5672693252563477, 128376.59301769489, 28.8, 48.5)
(0.566571831703186, 128284.56678614097, 28.4, 48.5)
(0.5533645153045654, 64180.623072325165, 28.3, 48.5)
(0.5889863967895508, 64195.97178046156, 29.1, 48.5)
(0.5788992643356323, 64142.28339307049, 28.6, 48.5)
(0.568236231803894, 128345.90294047334, 29.7, 48.6)
(0.5574564933776855, 84827.13098435772, 27.9, 48.5)
(0.5600543022155762, 64180.623072325165, 29.1, 48.5)
(0.5807759761810303, 107957.15101548361, 27.5, 48.5)
(0.5729688405990601, 128468.75137592726, 29.0, 48.6)
(0.5743739604949951, 128284.56678614097, 28.4, 48.5)
(0.5784533023834229, 64165.28170192423, 27.8, 48.6)
(0.5798972845077515, 128345.90294047334, 28.1, 48.6)
(0.5704874992370605, 64142.28339307049, 27.1, 48.6)
(0.5655609369277954, 128253.92068800764, 26.9, 48.6)
(0.5769602060317993, 128438.01722488039, 28.0, 48.6)
(0.5751063823699951, 128315.2275334608, 28.7, 48.5)
(0.5557291507720947, 64157.6137667304, 29.5, 48.5)
(0.5756433010101318, 132201.65279487811, 29.1, 48.5)
(0.5869848728179932, 64234.37568796363, 29.3, 48.6)
(0.5716938972473145, 128315.2275334608, 27.7, 48.5)
(0.5570101737976074, 128345.90294047334, 29.0, 48.5)
(0.5727896690368652, 64103.989492537316, 29.1, 48.5)
(0.5751510858535767, 128438.01722488039, 28.4, 48.5)
(0.5734522342681885, 131974.16715830876, 28.8, 48.5)
(0.5540273189544678, 64134.62095329112, 28.2, 48.5)
(0.5539495944976807, 64149.947663998086, 28.6, 48.6)
(0.5784105062484741, 128438.01722488039, 29.2, 48.4)
(0.5689376592636108, 64157.6137667304, 30.1, 48.6)
(0.5721997022628784, 64134.62095329112, 28.4, 48.5)
(0.5674893856048584, 128100.90956812217, 27.9, 48.5)
(0.5694617033004761, 65122.62396894711, 27.8, 48.5)
(0.5837364196777344, 128315.2275334608, 28.1, 48.5)
(0.5598940849304199, 64165.28170192423, 28.4, 48.6)
(0.5594263076782227, 128253.92068800764, 27.6, 48.6)
